0.41317,0.34489,0.43826,0.47099,0.52187,0.50832,0.4935,0.50773,0.48914,0.5019,0.51335,0.58589,0.54875,0.46488,0.4488,0.47661,0.44455,0.49391,0.50595,0.40551,0.38313,0.40489,0.39924,0.3914,0.40937,0.39704,0.44391,0.47407,0.4443,0.42453,0.43843,0.40465,0.40728,0.41579,0.42017,0.50667,0.59675,0.53327,0.50079,0.5308,0.55049,0.54025,0.57531,0.60228,0.58168,0.58547,0.56551,0.54249,0.49335,0.47499
0.38839,0.40843,0.52613,0.53126,0.54437,0.58295,0.52301,0.57002,0.52038,0.50651,0.46674,0.49876,0.53045,0.48075,0.45207,0.41776,0.34996,0.37229,0.3629,0.36086,0.38358,0.33043,0.31914,0.31283,0.3084,0.3287,0.4332,0.48717,0.55727,0.49504,0.41506,0.46095,0.50878,0.54492,0.54477,0.57535,0.55398,0.55747,0.4568,0.44501,0.48261,0.52398,0.55784,0.57484,0.57573,0.6021,0.60232,0.50502,0.49937,0.53349
0.39992,0.39833,0.49873,0.54405,0.57215,0.53003,0.55457,0.533,0.48645,0.41693,0.38793,0.4133,0.42432,0.43393,0.46167,0.41187,0.39301,0.36061,0.31719,0.41404,0.44565,0.49539,0.53992,0.45554,0.47845,0.53656,0.61665,0.61485,0.46703,0.36802,0.38151,0.44531,0.44362,0.3987,0.39832,0.39963,0.35796,0.36462,0.37709,0.37181,0.42023,0.41868,0.46838,0.5264,0.62809,0.6094,0.59433,0.60018,0.49698,0.48638
0.45596,0.44407,0.52204,0.51563,0.59908,0.55285,0.55692,0.4752,0.37991,0.36081,0.3495,0.30318,0.28623,0.28116,0.28792,0.24571,0.25894,0.27107,0.24763,0.23363,0.29395,0.42762,0.44291,0.4181,0.33439,0.40791,0.38988,0.32793,0.25682,0.27674,0.31415,0.26645,0.26341,0.25163,0.25258,0.26821,0.26843,0.26034,0.28184,0.29477,0.32554,0.39925,0.51727,0.5419,0.60675,0.61016,0.60191,0.51657,0.49097,0.52819
0.47301,0.39062,0.50651,0.55526,0.56298,0.53961,0.55545,0.48561,0.37527,0.32955,0.28515,0.252,0.25799,0.23415,0.21512,0.24832,0.25173,0.24134,0.23187,0.2277,0.2392,0.22538,0.24638,0.28537,0.32337,0.30759,0.26831,0.23126,0.33728,0.33615,0.30525,0.43327,0.43498,0.46235,0.37242,0.23182,0.31677,0.27494,0.27737,0.29715,0.36506,0.49699,0.54928,0.53169,0.59674,0.61661,0.6381,0.53521,0.50722,0.51469
0.53283,0.49467,0.52093,0.5783,0.57842,0.62588,0.61656,0.52805,0.38533,0.30745,0.28978,0.26356,0.31582,0.2749,0.23598,0.48176,0.40921,0.33569,0.4653,0.29339,0.35512,0.24394,0.18346,0.25456,0.29705,0.29143,0.26236,0.38295,0.45588,0.2014,0.38332,0.58828,0.44046,0.52086,0.5019,0.29894,0.54447,0.40907,0.3679,0.43006,0.46851,0.52713,0.54607,0.57186,0.56956,0.54712,0.56855,0.58344,0.47216,0.51566
0.50994,0.45118,0.48869,0.50003,0.59677,0.61325,0.62124,0.57165,0.51231,0.48812,0.41352,0.37108,0.49921,0.44437,0.20589,0.41834,0.53274,0.51073,0.45404,0.17011,0.2931,0.37769,0.17538,0.21279,0.29515,0.25666,0.27953,0.44133,0.36159,0.22783,0.20789,0.44035,0.54165,0.47579,0.31099,0.38387,0.62143,0.4664,0.41493,0.48338,0.49565,0.56755,0.55175,0.55717,0.60515,0.59727,0.57855,0.48495,0.49954,0.51783
0.49147,0.44872,0.50402,0.54754,0.58884,0.60365,0.55564,0.5588,0.53307,0.54007,0.50214,0.44068,0.51533,0.50632,0.30465,0.2047,0.25947,0.26495,0.15871,0.22746,0.38446,0.42808,0.25188,0.24038,0.28586,0.32316,0.37336,0.38614,0.3843,0.3973,0.24763,0.20251,0.24663,0.29921,0.43414,0.56568,0.48528,0.3557,0.43263,0.47171,0.53248,0.5863,0.62845,0.63068,0.62509,0.65726,0.57352,0.52911,0.50445,0.50657
0.44987,0.50386,0.5151,0.55796,0.56972,0.62741,0.55262,0.64318,0.55981,0.50896,0.51563,0.4647,0.45076,0.4749,0.45705,0.38665,0.34092,0.36832,0.38524,0.49262,0.52456,0.32605,0.2447,0.31804,0.36404,0.39367,0.45579,0.35681,0.36797,0.50129,0.48038,0.44092,0.45517,0.55789,0.56389,0.45711,0.37714,0.4202,0.43901,0.46618,0.51181,0.60861,0.60385,0.64907,0.64066,0.61801,0.60951,0.56842,0.52014,0.54519
0.45208,0.47724,0.49747,0.57093,0.60139,0.57303,0.58119,0.54156,0.57295,0.53507,0.54014,0.48214,0.47156,0.45423,0.34479,0.40165,0.47377,0.45907,0.45404,0.41321,0.3626,0.32017,0.34997,0.36327,0.45026,0.4619,0.45254,0.47841,0.32715,0.41,0.5245,0.53957,0.52639,0.40317,0.32939,0.41441,0.45206,0.44875,0.47469,0.48365,0.52509,0.59412,0.55616,0.63604,0.64648,0.5994,0.65958,0.56394,0.55058,0.53567
0.45214,0.51647,0.50847,0.56182,0.52467,0.57436,0.5741,0.6052,0.58956,0.57762,0.45724,0.46275,0.45395,0.40413,0.33145,0.24871,0.34343,0.42872,0.46019,0.54937,0.44053,0.2715,0.5117,0.31813,0.46298,0.50686,0.45937,0.29555,0.37087,0.71908,0.73002,0.69789,0.61399,0.48198,0.35434,0.37388,0.43919,0.42524,0.43735,0.4931,0.57798,0.61394,0.64515,0.64839,0.65884,0.67415,0.64667,0.54757,0.5304,0.53033
0.52337,0.45143,0.49718,0.57876,0.545,0.58153,0.56074,0.59975,0.52518,0.53063,0.51696,0.41317,0.39321,0.36646,0.28209,0.34355,0.49277,0.64744,0.69853,0.71511,0.67052,0.33858,0.54047,0.32362,0.45317,0.48515,0.52516,0.29992,0.52014,0.78737,0.719,0.67402,0.64557,0.59836,0.44644,0.35343,0.38287,0.40586,0.43686,0.51456,0.52603,0.57648,0.58095,0.63245,0.61995,0.63738,0.58677,0.5453,0.50147,0.53286
0.45985,0.43556,0.4847,0.51268,0.55096,0.54196,0.52266,0.58334,0.51614,0.52582,0.47207,0.37575,0.32292,0.32585,0.33461,0.58496,0.62417,0.57367,0.70471,0.74634,0.66636,0.37949,0.54343,0.38383,0.50263,0.49324,0.5143,0.44811,0.63942,0.73959,0.72755,0.73378,0.65605,0.58972,0.57154,0.49196,0.38499,0.41829,0.39261,0.45132,0.51518,0.57773,0.58197,0.64646,0.6301,0.65979,0.61144,0.59244,0.51475,0.57224
0.47151,0.40851,0.45145,0.51744,0.53499,0.50733,0.54272,0.52318,0.50464,0.4779,0.35463,0.42158,0.39277,0.39211,0.60071,0.57795,0.68659,0.6919,0.69157,0.77052,0.66659,0.45732,0.53297,0.39667,0.51161,0.50539,0.52706,0.50251,0.64572,0.75858,0.7577,0.70044,0.62394,0.65918,0.67184,0.53835,0.41736,0.48548,0.4716,0.47359,0.53192,0.5887,0.59054,0.59652,0.62985,0.62089,0.62953,0.53932,0.5602,0.49831
0.49525,0.4163,0.44939,0.46381,0.51197,0.47328,0.58456,0.56015,0.50525,0.4966,0.51363,0.50144,0.35575,0.40955,0.69809,0.64312,0.64462,0.71753,0.70993,0.77108,0.67601,0.48898,0.5177,0.433,0.51683,0.49556,0.50458,0.53327,0.64615,0.76142,0.75369,0.6863,0.69916,0.66421,0.57278,0.623,0.46369,0.47722,0.51576,0.54805,0.56183,0.61301,0.62169,0.63987,0.67196,0.61655,0.60036,0.52522,0.55231,0.51008
0.44123,0.40837,0.43284,0.49714,0.50505,0.50529,0.49625,0.54004,0.50759,0.56226,0.52312,0.49482,0.43617,0.45825,0.66034,0.70328,0.65138,0.69952,0.72042,0.74668,0.66363,0.51602,0.50539,0.47867,0.54187,0.51089,0.50781,0.55661,0.66298,0.76845,0.74234,0.72481,0.71267,0.6438,0.66447,0.69435,0.53689,0.52337,0.55359,0.59232,0.58068,0.60966,0.60907,0.62188,0.60957,0.5885,0.57252,0.52646,0.4924,0.53641
0.44995,0.37329,0.43551,0.42467,0.45912,0.46923,0.48395,0.55374,0.56475,0.52774,0.50153,0.40695,0.36652,0.57672,0.63104,0.71063,0.68066,0.7017,0.71073,0.72868,0.65198,0.52934,0.4965,0.48621,0.53659,0.49099,0.49132,0.54391,0.68006,0.79514,0.73481,0.73005,0.69534,0.68574,0.70687,0.66452,0.54491,0.48247,0.5265,0.60227,0.62374,0.64415,0.61735,0.61838,0.61204,0.60478,0.59511,0.54199,0.47957,0.507
0.47318,0.40734,0.39074,0.48488,0.5316,0.49125,0.54117,0.56796,0.56962,0.50574,0.42467,0.3703,0.37804,0.64554,0.62616,0.70474,0.7066,0.70074,0.72105,0.7258,0.64345,0.52436,0.47312,0.48095,0.55443,0.50124,0.48214,0.51192,0.70546,0.7637,0.7306,0.73263,0.69806,0.71261,0.70008,0.65131,0.64176,0.45259,0.48803,0.53211,0.61048,0.63713,0.63339,0.60219,0.58118,0.54724,0.52265,0.52421,0.40639,0.46853
0.4593,0.3739,0.34783,0.45213,0.47384,0.47507,0.56561,0.53849,0.51586,0.45907,0.49329,0.36271,0.40292,0.69631,0.62832,0.6845,0.71199,0.71467,0.73365,0.72513,0.64685,0.50787,0.46171,0.48537,0.56382,0.51892,0.48113,0.51312,0.71366,0.73968,0.74114,0.73509,0.71072,0.72573,0.69073,0.63609,0.65997,0.48269,0.49825,0.55039,0.5093,0.59522,0.62548,0.62255,0.59734,0.57527,0.51473,0.50878,0.43177,0.44132
0.4481,0.40486,0.37327,0.34026,0.44289,0.48371,0.4631,0.57311,0.56038,0.5277,0.5015,0.26523,0.47009,0.69066,0.6266,0.6693,0.72297,0.72724,0.76055,0.73499,0.64392,0.52274,0.46429,0.5112,0.61601,0.5493,0.48895,0.524,0.70292,0.72027,0.75661,0.71264,0.72362,0.73681,0.68567,0.65559,0.66839,0.42481,0.41027,0.51918,0.55259,0.59223,0.587,0.5852,0.52648,0.55225,0.48998,0.49696,0.45527,0.5056
0.46191,0.37484,0.3735,0.38808,0.42418,0.4443,0.48363,0.50015,0.55143,0.46753,0.37246,0.30354,0.54611,0.67648,0.67909,0.63802,0.73155,0.72746,0.77001,0.73496,0.619,0.51096,0.45865,0.51693,0.6092,0.5496,0.49766,0.51899,0.68306,0.72919,0.763,0.71582,0.73089,0.71711,0.63441,0.69652,0.65913,0.41018,0.3849,0.46376,0.59064,0.55078,0.59949,0.5537,0.53066,0.5156,0.44243,0.42765,0.44682,0.50833
0.53498,0.46327,0.35925,0.31784,0.33511,0.37843,0.42151,0.40136,0.42621,0.42619,0.34595,0.31831,0.5415,0.62029,0.70347,0.61037,0.73938,0.74865,0.76437,0.74692,0.62637,0.51802,0.45684,0.5244,0.65179,0.52899,0.47819,0.50541,0.67519,0.74081,0.7492,0.72953,0.73648,0.68055,0.65292,0.70706,0.61733,0.36183,0.40622,0.48858,0.5236,0.5676,0.57154,0.51934,0.52761,0.47086,0.45424,0.44046,0.42029,0.51286
0.4745,0.42062,0.3443,0.33988,0.28714,0.39741,0.33379,0.41012,0.35874,0.29446,0.31829,0.22701,0.53904,0.58047,0.70467,0.65724,0.70721,0.75199,0.73346,0.76704,0.59488,0.48893,0.4585,0.51629,0.64336,0.53749,0.47714,0.50209,0.68689,0.75945,0.73453,0.7682,0.75869,0.64719,0.71442,0.72806,0.54799,0.31215,0.38825,0.49312,0.49604,0.50503,0.53103,0.46155,0.47108,0.42604,0.42455,0.4362,0.45868,0.52714
0.50701,0.46353,0.36143,0.32386,0.34563,0.33833,0.31724,0.30448,0.34767,0.2833,0.28022,0.15025,0.5071,0.60478,0.64632,0.70769,0.68346,0.7536,0.72371,0.7616,0.57521,0.45911,0.45542,0.53163,0.65668,0.5257,0.47346,0.50632,0.69651,0.75774,0.72124,0.78466,0.72287,0.64188,0.72108,0.71313,0.49386,0.34221,0.42421,0.41743,0.48076,0.49789,0.49146,0.49451,0.41715,0.40519,0.39275,0.40118,0.37713,0.43642
0.56506,0.53861,0.51436,0.45854,0.39793,0.35116,0.30504,0.30179,0.30959,0.26781,0.25872,0.14971,0.38644,0.6638,0.61396,0.72617,0.68545,0.73446,0.71652,0.75315,0.58429,0.44317,0.45131,0.53002,0.66832,0.55876,0.47154,0.5127,0.70902,0.73314,0.7354,0.7706,0.66777,0.70484,0.71995,0.66808,0.47449,0.34998,0.40259,0.43206,0.44194,0.43309,0.42353,0.41527,0.40887,0.44765,0.38581,0.39985,0.3586,0.44005
0.65484,0.58032,0.56066,0.52562,0.49081,0.45573,0.37204,0.27674,0.22834,0.27696,0.30167,0.1774,0.25549,0.66792,0.59851,0.72399,0.69873,0.71135,0.70023,0.7247,0.62949,0.45189,0.45415,0.53053,0.69478,0.61587,0.46661,0.54333,0.73212,0.72534,0.75031,0.7391,0.66622,0.75356,0.69635,0.63857,0.4025,0.31657,0.41046,0.46313,0.45181,0.42781,0.38585,0.42203,0.40479,0.43855,0.40177,0.36497,0.34214,0.40759
0.63944,0.60539,0.59684,0.60902,0.5966,0.54118,0.31105,0.21729,0.23968,0.23388,0.23953,0.17229,0.21793,0.6016,0.62279,0.69869,0.72543,0.70911,0.73916,0.71266,0.69721,0.48125,0.45725,0.52011,0.60774,0.55272,0.46168,0.60817,0.74598,0.71021,0.7582,0.68768,0.74013,0.7476,0.69132,0.59657,0.31001,0.29731,0.36141,0.39614,0.40775,0.41267,0.42576,0.39467,0.40797,0.40672,0.41681,0.36262,0.32192,0.4055
0.63175,0.6431,0.63132,0.59621,0.48791,0.34358,0.29353,0.23115,0.2368,0.22261,0.2251,0.19529,0.18236,0.50258,0.66109,0.67898,0.75634,0.66474,0.74731,0.7135,0.72913,0.51745,0.43764,0.4739,0.56535,0.5048,0.45253,0.68093,0.73805,0.71326,0.75755,0.66926,0.77476,0.72895,0.66169,0.52244,0.26361,0.28619,0.37144,0.39434,0.40155,0.39569,0.40478,0.38965,0.37967,0.36941,0.38176,0.38547,0.33398,0.39933
0.68511,0.65007,0.61615,0.55863,0.5263,0.434,0.27177,0.22162,0.19763,0.1797,0.21333,0.18579,0.15241,0.4393,0.6657,0.62853,0.72344,0.66209,0.70397,0.69116,0.72172,0.53976,0.43103,0.47781,0.53586,0.47025,0.47408,0.6966,0.68523,0.71163,0.70888,0.65329,0.74249,0.66911,0.64918,0.43817,0.22958,0.31639,0.33486,0.41125,0.44332,0.37965,0.3902,0.39807,0.37562,0.40779,0.37044,0.37148,0.36036,0.4185
0.66674,0.62553,0.61736,0.58272,0.50139,0.44203,0.35341,0.26062,0.18705,0.1776,0.23585,0.27433,0.23431,0.32415,0.60083,0.63804,0.67562,0.62164,0.73135,0.70537,0.68534,0.52715,0.42968,0.49113,0.55913,0.48032,0.49747,0.71952,0.62439,0.72713,0.6231,0.6523,0.69898,0.59837,0.63492,0.36415,0.29795,0.31043,0.34602,0.4127,0.42375,0.3556,0.32325,0.41364,0.40882,0.41568,0.40015,0.33736,0.34449,0.43133
0.68347,0.63103,0.61376,0.51132,0.5008,0.50107,0.37001,0.22684,0.24881,0.25024,0.32002,0.26167,0.25334,0.28129,0.50041,0.59176,0.58818,0.58157,0.62665,0.6948,0.62617,0.49252,0.44038,0.51422,0.55373,0.50229,0.50389,0.68465,0.60337,0.71761,0.53746,0.64961,0.6202,0.57871,0.53452,0.39983,0.34131,0.28925,0.31239,0.34539,0.38223,0.41682,0.40704,0.36675,0.38695,0.4112,0.41667,0.3587,0.32057,0.41978
0.70812,0.64319,0.56083,0.53404,0.53687,0.48878,0.27297,0.22226,0.22508,0.20501,0.28789,0.27589,0.24799,0.26599,0.44017,0.57156,0.49056,0.56672,0.56,0.71315,0.59796,0.46558,0.46413,0.5176,0.53087,0.4964,0.49845,0.6049,0.60554,0.68228,0.47102,0.59569,0.57741,0.52871,0.46078,0.46406,0.36316,0.34906,0.32602,0.36809,0.35265,0.36654,0.36569,0.39452,0.39674,0.40467,0.3962,0.39531,0.35354,0.45422
0.71695,0.66164,0.63018,0.65872,0.60501,0.46585,0.25937,0.2693,0.30454,0.25616,0.40074,0.40866,0.28029,0.31523,0.44862,0.48282,0.45188,0.55214,0.5615,0.68861,0.53013,0.46374,0.47397,0.5275,0.52284,0.49982,0.49732,0.55155,0.70236,0.57667,0.56174,0.60172,0.52765,0.46838,0.45957,0.43492,0.39342,0.34555,0.37617,0.37544,0.374,0.35783,0.3439,0.34984,0.3953,0.38305,0.3768,0.39791,0.39833,0.47351
0.74111,0.69803,0.71226,0.6996,0.61867,0.47136,0.38439,0.32275,0.43596,0.5301,0.55534,0.45563,0.30989,0.37902,0.38645,0.41884,0.4267,0.53554,0.57819,0.51178,0.47765,0.47425,0.48593,0.53024,0.5232,0.51253,0.49137,0.51133,0.63918,0.58366,0.59807,0.49965,0.47192,0.44756,0.43706,0.45474,0.42783,0.34118,0.33367,0.41909,0.45907,0.41295,0.35415,0.34911,0.35488,0.38568,0.37347,0.40353,0.40094,0.49178
0.73867,0.71354,0.73274,0.74253,0.61393,0.46868,0.39606,0.30425,0.58252,0.67192,0.64305,0.52912,0.31186,0.35448,0.39127,0.41869,0.47404,0.52867,0.53054,0.49675,0.47285,0.49415,0.50713,0.53094,0.51895,0.50398,0.48167,0.49947,0.50678,0.53185,0.54831,0.52367,0.49439,0.45937,0.44355,0.41356,0.43592,0.45989,0.47663,0.49003,0.47945,0.50294,0.44754,0.37632,0.36537,0.34441,0.35259,0.41389,0.43018,0.50369
0.72972,0.69999,0.75085,0.71765,0.6009,0.4856,0.38238,0.4359,0.60114,0.62636,0.65712,0.60371,0.3286,0.37672,0.41249,0.4106,0.47375,0.4747,0.48473,0.56109,0.58394,0.53595,0.52813,0.54285,0.53006,0.53403,0.57277,0.61996,0.579,0.55166,0.52349,0.50038,0.5067,0.49726,0.4693,0.46908,0.46759,0.40797,0.45163,0.48809,0.47522,0.46195,0.46404,0.48038,0.38573,0.35522,0.38678,0.42873,0.4615,0.5134
0.72406,0.70648,0.72259,0.72086,0.61662,0.46281,0.41277,0.43519,0.5904,0.62887,0.69246,0.62791,0.41913,0.36423,0.39033,0.44089,0.47033,0.4949,0.41775,0.33879,0.52669,0.58804,0.60128,0.6014,0.60794,0.61344,0.52659,0.40477,0.43,0.51545,0.53893,0.48618,0.47751,0.51223,0.47173,0.43065,0.46724,0.50115,0.46714,0.50459,0.5228,0.4874,0.42714,0.42824,0.43252,0.42281,0.43741,0.44637,0.49419,0.56189
0.72573,0.71707,0.71168,0.70379,0.64924,0.49741,0.37577,0.47438,0.57708,0.66313,0.65333,0.64853,0.50877,0.32187,0.36462,0.44198,0.46836,0.50642,0.54025,0.50559,0.37797,0.51598,0.54511,0.59405,0.57744,0.5165,0.41614,0.50919,0.54724,0.52242,0.49781,0.48165,0.454,0.49468,0.45093,0.43454,0.43962,0.44225,0.47296,0.52976,0.55123,0.56159,0.52726,0.46098,0.3964,0.41737,0.4574,0.46202,0.50775,0.58966
0.748,0.71374,0.68869,0.66867,0.63232,0.50581,0.3968,0.49991,0.56972,0.58131,0.62701,0.63035,0.57621,0.48655,0.34194,0.41629,0.47758,0.51507,0.54907,0.54343,0.48441,0.45895,0.53757,0.54605,0.53839,0.48756,0.52699,0.50569,0.48923,0.48636,0.48852,0.47583,0.45966,0.44065,0.42251,0.45969,0.38848,0.40898,0.47555,0.56986,0.59996,0.57555,0.56774,0.52275,0.45766,0.45413,0.47845,0.49142,0.50415,0.60875
0.7263,0.68766,0.69207,0.67087,0.63939,0.55563,0.45966,0.53523,0.5073,0.58173,0.68685,0.6661,0.62648,0.53472,0.41237,0.455,0.47303,0.49582,0.48536,0.48373,0.5051,0.48727,0.53797,0.57069,0.49826,0.52178,0.52754,0.51313,0.50405,0.48644,0.46829,0.49147,0.44582,0.41594,0.39522,0.41938,0.5011,0.51093,0.54601,0.58778,0.62863,0.65208,0.63747,0.56282,0.47357,0.43578,0.47988,0.53505,0.55147,0.60813
0.71481,0.68541,0.71279,0.66866,0.62928,0.54384,0.51773,0.52838,0.56234,0.64504,0.61113,0.60747,0.60196,0.67791,0.60214,0.46145,0.48382,0.49177,0.46055,0.46846,0.46803,0.45697,0.51066,0.50857,0.49134,0.50243,0.49994,0.50589,0.48671,0.46998,0.49105,0.47153,0.46918,0.41462,0.46914,0.51085,0.62454,0.54206,0.43275,0.62842,0.65321,0.6474,0.64648,0.54364,0.45805,0.42736,0.48513,0.51861,0.54806,0.62333
0.73085,0.6912,0.69825,0.65242,0.62388,0.59649,0.57314,0.54926,0.54282,0.52825,0.59941,0.64088,0.60839,0.65428,0.71927,0.62152,0.57334,0.50101,0.47072,0.46628,0.4608,0.45267,0.49615,0.4825,0.47473,0.45757,0.46932,0.47821,0.49077,0.47026,0.47578,0.46784,0.52653,0.54983,0.538,0.60769,0.52748,0.60682,0.55389,0.65833,0.65623,0.66186,0.63452,0.5952,0.48932,0.43048,0.46501,0.52745,0.52487,0.61994
0.72436,0.6909,0.68111,0.64683,0.63543,0.62898,0.57163,0.53899,0.47896,0.50474,0.6284,0.65015,0.64871,0.58527,0.6195,0.72174,0.6735,0.59861,0.51426,0.4625,0.4739,0.49255,0.50418,0.50113,0.49428,0.4724,0.47893,0.48823,0.51027,0.50379,0.52666,0.50491,0.64063,0.66355,0.6672,0.49502,0.49388,0.534,0.64014,0.63075,0.61216,0.61117,0.60717,0.54616,0.53607,0.46237,0.46608,0.52794,0.51392,0.59886
0.71531,0.68127,0.65793,0.61049,0.65861,0.58114,0.56399,0.52532,0.50645,0.53748,0.6145,0.62812,0.626,0.61904,0.59629,0.66529,0.71336,0.71625,0.66228,0.58031,0.58617,0.5872,0.59283,0.53641,0.54655,0.53939,0.51551,0.52584,0.55132,0.60051,0.6486,0.68507,0.68509,0.61915,0.60995,0.47751,0.49,0.59438,0.57005,0.60402,0.61211,0.57443,0.57233,0.49336,0.46397,0.46814,0.48506,0.52068,0.51125,0.57244
0.68349,0.63965,0.62747,0.61319,0.64412,0.59129,0.58093,0.56753,0.54093,0.52125,0.53164,0.58287,0.62031,0.62691,0.6819,0.62961,0.55622,0.6681,0.65861,0.64936,0.64765,0.62964,0.64967,0.66898,0.67964,0.68077,0.62356,0.61272,0.65068,0.6769,0.69135,0.68047,0.61943,0.51965,0.51509,0.52081,0.5037,0.58194,0.57416,0.62572,0.58771,0.55933,0.52301,0.48525,0.44611,0.45512,0.49372,0.49789,0.51083,0.56317
0.6621,0.62511,0.6121,0.61317,0.61255,0.57035,0.60074,0.56848,0.519,0.47499,0.53884,0.51895,0.58435,0.66086,0.70814,0.65991,0.64716,0.62684,0.6505,0.60401,0.55804,0.52333,0.54993,0.5732,0.63899,0.60042,0.5955,0.60127,0.60223,0.56653,0.5909,0.58798,0.48798,0.5249,0.46456,0.533,0.54659,0.61992,0.60551,0.62033,0.57592,0.54433,0.49395,0.4367,0.44035,0.44526,0.4774,0.47932,0.49918,0.52782
0.65202,0.6001,0.59221,0.61168,0.61405,0.61599,0.59047,0.56777,0.53106,0.47066,0.46666,0.45518,0.53962,0.65016,0.70054,0.72941,0.71855,0.68089,0.6138,0.58902,0.50062,0.47446,0.48797,0.49965,0.55807,0.50413,0.55328,0.58576,0.51816,0.47926,0.58357,0.56856,0.45974,0.52877,0.55357,0.55272,0.57544,0.54839,0.57766,0.53925,0.49897,0.46033,0.47055,0.42533,0.43162,0.44285,0.48768,0.4837,0.45765,0.54637
0.62724,0.55326,0.57696,0.62037,0.62132,0.61062,0.59725,0.56109,0.52556,0.47478,0.4306,0.42285,0.45422,0.60449,0.67891,0.71757,0.72477,0.73387,0.68885,0.65072,0.59272,0.52562,0.52752,0.5296,0.52097,0.51519,0.55569,0.57767,0.52805,0.55032,0.54801,0.58619,0.53879,0.62712,0.66729,0.6033,0.61996,0.54786,0.47732,0.50323,0.47994,0.44611,0.42648,0.40795,0.40202,0.47846,0.44029,0.43389,0.41287,0.46751
0.60134,0.53027,0.56937,0.58475,0.58762,0.59168,0.55931,0.52805,0.52482,0.45525,0.42842,0.41029,0.38233,0.49525,0.60062,0.70459,0.72233,0.73491,0.74231,0.71371,0.70223,0.67304,0.66839,0.65258,0.61504,0.64356,0.65286,0.64612,0.68534,0.6781,0.64191,0.67675,0.69944,0.71387,0.70812,0.61731,0.56153,0.51864,0.46123,0.40492,0.41652,0.40607,0.37189,0.38339,0.36991,0.47593,0.39188,0.37988,0.3462,0.39327
0.59461,0.55578,0.56797,0.57656,0.58928,0.6293,0.56377,0.56088,0.53554,0.4978,0.47813,0.43911,0.47332,0.47735,0.5729,0.67591,0.69879,0.7126,0.71107,0.71846,0.72085,0.70332,0.70337,0.67078,0.69199,0.68927,0.68434,0.70122,0.70224,0.70408,0.7,0.70401,0.69225,0.69824,0.67349,0.60126,0.54894,0.49233,0.46079,0.39771,0.38052,0.40127,0.41208,0.42123,0.43457,0.46531,0.4463,0.39414,0.39335,0.47838
